
Power Report Interval
10000

Power Report                        Node     Tc     Ti    Time At 1    Time At 0    Time At X
---------------------------------------------------------------------------------------------
                          /tbrca/din(14)      1      0         9000         1000            0
                          /tbrca/din(12)      1      0         9000         1000            0
                          /tbrca/din(10)      1      0         9000         1000            0
                           /tbrca/din(5)      1      0         1000         9000            0
                           /tbrca/din(3)      1      0         1000         9000            0
                           /tbrca/din(1)      1      0         1000         9000            0
                           /tbrca/din(0)      1      0         9000         1000            0
                             /tbrca/a(7)      1      0         1000         9000            0
                             /tbrca/a(5)      1      0         1000         9000            0
                             /tbrca/a(3)      1      0         1000         9000            0
                             /tbrca/a(2)      1      0         9000         1000            0
                             /tbrca/b(6)      1      0         9000         1000            0
                             /tbrca/b(4)      1      0         9000         1000            0
                             /tbrca/b(2)      1      0         9000         1000            0
                            /tbrca/s1(6)      1      0         1000         8975           25
                            /tbrca/s1(4)      1      0         1000         8975           25
                            /tbrca/s2(7)      6      0           75         9875           50
                            /tbrca/s2(6)      5      0         1025         8925           50
                            /tbrca/s2(5)      4      0           50         9900           50
                            /tbrca/s2(4)      3      0         1000         8950           50
                            /tbrca/s2(3)      2      0           25         9925           50
                              /tbrca/co1      6      0        10000            0            0
                              /tbrca/co2      6      0         9900           75           25
---------------------------------------------------------------------------------------------

